(adios) bash-4.4$ bpmff
   5.57322404E-04   5.19113732E-04   6.28895534E-04   5.54644794E-04   2.63091749E-07
   5.51756297E-04   5.13813284E-04   6.20266539E-04   5.47674077E-04   2.62127770E-07
   5.49040094E-04   5.11513441E-04   6.17464189E-04   5.44856535E-04   2.61614161E-07
   5.46924013E-04   5.09701786E-04   6.14343793E-04   5.42223454E-04   2.61168765E-07
(adios) bash-4.4$ cd ../lz2
(adios) bash-4.4$ bpmff
   6.24277047E-04   5.05298725E-04   7.16503127E-04   5.46729774E-04   2.79322080E-07
   6.13812415E-04   5.05402975E-04   7.02246442E-04   5.47567848E-04   2.75180525E-07
   5.90160489E-04   5.04662807E-04   6.70777168E-04   5.47781005E-04   2.70124872E-07
   5.72295743E-04   5.10464655E-04   6.51177135E-04   5.53434249E-04   2.66400690E-07
   5.59989072E-04   5.17214474E-04   6.33704476E-04   5.54979313E-04   2.63763354E-07
   5.57322404E-04   5.19113732E-04   6.28895534E-04   5.54644794E-04   2.63091749E-07
   5.54632687E-04   5.20105998E-04   6.24374603E-04   5.53645659E-04   2.62582205E-07
   5.53702295E-04   5.20475674E-04   6.22645253E-04   5.53146121E-04   2.62368189E-07
(adios) bash-4.4$ cdg
(adios) bash-4.4$ cd se13/cx2/
(adios) bash-4.4$ bpmff
   6.24277047E-04   5.05298725E-04   7.16503127E-04   5.46729774E-04   2.79322080E-07
   6.14729477E-04   5.05889533E-04   7.02479389E-04   5.47826057E-04   2.74545243E-07
   6.01784093E-04   5.05980919E-04   6.85625768E-04   5.47105214E-04   2.71188185E-07
   5.84746595E-04   5.02708193E-04   6.66413398E-04   5.47096366E-04   2.68565344E-07
   5.66263276E-04   5.00759110E-04   6.49825786E-04   5.50645753E-04   2.65841550E-07
   5.55579667E-04   4.98678128E-04   6.39305101E-04   5.50616649E-04   2.64217732E-07
   5.45855262E-04   4.92975116E-04   6.25802903E-04   5.44075388E-04   2.62762853E-07
   5.40241890E-04   4.90522827E-04   6.16795383E-04   5.40252135E-04   2.61918927E-07
   5.37548331E-04   4.89285158E-04   6.12291449E-04   5.38463821E-04   2.61448690E-07
   5.35316882E-04   4.88461461E-04   6.08201255E-04   5.37028362E-04   2.61095238E-07
   5.34704712E-04   4.88280406E-04   6.06291345E-04   5.36078471E-04   2.60911975E-07
(adios) bash-4.4$ cdg
(adios) bash-4.4$ cd se11
(adios) bash-4.4$ cd cg 
cg/           cg30/         cg30-r80/     cg30-r80_old/ cg30_old/     cgk30-r100/   cgk30-r60/
(adios) bash-4.4$ cd cg
cg/           cg30/         cg30-r80/     cg30-r80_old/ cg30_old/     cgk30-r100/   cgk30-r60/
(adios) bash-4.4$ cd cg
(adios) bash-4.4$ bpmff
   6.24277047E-04   5.05298725E-04   7.16503127E-04   5.46729774E-04   2.79322080E-07
   6.18655118E-04   5.16111788E-04   6.97796349E-04   5.55563718E-04   7.93933395E-07
   6.12635456E-04   5.17147011E-04   6.86698942E-04   5.55447768E-04   1.17745230E-06
   5.79187006E-04   5.03401796E-04   6.52720220E-04   5.43953385E-04   1.24151290E-06
   5.52420679E-04   4.97008907E-04   6.28008158E-04   5.41713438E-04   1.70663316E-06
   5.27884520E-04   4.86703066E-04   6.06430869E-04   5.35308151E-04   2.47758544E-06
   5.20477886E-04   4.80696879E-04   5.97069040E-04   5.28176315E-04   2.72070383E-06
   5.04118332E-04   4.69488092E-04   5.70777454E-04   5.09536301E-04   3.23349605E-06
   4.98156878E-04   4.67416074E-04   5.58622705E-04   5.02290495E-04   3.50749451E-06
   4.96360124E-04   4.66731261E-04   5.53897931E-04   4.99496586E-04   3.61335788E-06
   4.91620565E-04   4.61566844E-04   5.45530522E-04   4.91974701E-04   3.84236728E-06
   4.87932528E-04   4.58338502E-04   5.36248321E-04   4.84790944E-04   4.22771063E-06
   4.84674005E-04   4.56304464E-04   5.29569574E-04   4.79551323E-04   4.36782602E-06
   4.81427356E-04   4.54041408E-04   5.21861832E-04   4.73539229E-04   4.34353979E-06
   4.78426722E-04   4.50168969E-04   5.13171020E-04   4.64641023E-04   4.39538280E-06
   4.77536378E-04   4.48851963E-04   5.08576981E-04   4.59681149E-04   4.50094967E-06
   4.75876150E-04   4.47004219E-04   5.03382180E-04   4.54616151E-04   4.61600393E-06
   4.74109198E-04   4.45449143E-04   4.95686370E-04   4.47561004E-04   4.86111776E-06
   4.74842847E-04   4.45940357E-04   4.93171217E-04   4.45114536E-04   4.99568523E-06
   4.74918517E-04   4.46185411E-04   4.91658633E-04   4.43899247E-04   5.08703397E-06